! 0 is ground tile, 0 is nothing.
!
0                                       0
0                                       0
0                1                      0
0                                       0
0          000                    00    0
0     000               00  0000        0
0 00      000    00  00                 0
0     000               00              0
0   0                                   0
0  0                       0000         0
0 0                                     0
000000000000          0000000000000000000